6.091680329594011123e-02 2.138050992773097517e-03
6.381701560694467978e-02 2.140629962399522718e-03
7.740584119669184637e-02 2.535963720216707906e-03
8.285841871734639374e-02 2.700091288503542186e-03
8.747522811880285853e-02 2.829592840742763734e-03
9.159866828725364563e-02 2.817542120346250029e-03
9.438953444827891115e-02 2.968491907444044571e-03
9.737269757798107384e-02 3.007643357960443353e-03
9.891919865526523081e-02 3.090310037116901325e-03
1.016010080993647313e-01 3.094546117839564597e-03
1.036121446426032378e-01 3.170174073452560436e-03
1.057679047532808780e-01 3.156160437355925216e-03
1.060714696525773687e-01 3.224018719546123141e-03
1.069727633935477207e-01 3.252766908228845680e-03
1.088954543152282350e-01 3.405447713405381025e-03
1.098128829961183411e-01 3.487055029934891560e-03
1.101012605797324906e-01 3.535327962138045017e-03
1.108461779296764510e-01 3.645698378762836801e-03
1.120436514948233431e-01 3.756154371091478122e-03
1.125854634678629534e-01 3.951560357119986155e-03
1.130752621445504369e-01 4.094138640816570585e-03
1.127159532462206487e-01 4.127791520427926894e-03
1.130094418568520914e-01 4.199356023472816148e-03
1.131985979580595048e-01 4.425080170211806094e-03
1.141898734945756555e-01 4.621246581153966825e-03
1.138466564519828028e-01 4.759140229126312786e-03
1.119898874571814834e-01 4.831968430574715492e-03
1.114845610613037774e-01 4.977682193417373030e-03
9.581869424887620723e-02 4.464071476607434953e-03
1.103160915559736471e-01 5.196424217519730361e-03
