3.237906585004284299e-01 1.156328045126551324e-02
6.854290467290526934e-01 2.431202745450095765e-02
6.427045550816198327e-01 2.141108268093732531e-02
6.643335134776594542e-01 2.138424438311286799e-02
6.904071755248969433e-01 2.222261399259702064e-02
7.022845707873268672e-01 2.207909958464540981e-02
7.143913039768294837e-01 2.143608470602001784e-02
7.216377061359419143e-01 2.191103687316516002e-02
7.295752959126731163e-01 2.150308029523100711e-02
7.355559915317249065e-01 2.130805887809998286e-02
7.494286185215255358e-01 2.121369156953515842e-02
7.539161219964779503e-01 2.137317864882620072e-02
7.607948772324000242e-01 2.106427573206811829e-02
7.638323814824241609e-01 2.132639222215705621e-02
7.683027945311066143e-01 2.119430993763828097e-02
7.739362533729537974e-01 2.155523469851608823e-02
7.779882300122999972e-01 2.182127481252012918e-02
7.809874846314422969e-01 2.207733365859888830e-02
7.823686264798137557e-01 2.294092431450183225e-02
7.857755545237278261e-01 2.340769140795681547e-02
7.847632304307441409e-01 2.377076831164293483e-02
7.848550914027146996e-01 2.419042588943060360e-02
7.829672996304465338e-01 2.502759699857722703e-02
7.901871289133718390e-01 2.558922315631412259e-02
7.933199317845407439e-01 2.650398803321543650e-02
7.894656890900739743e-01 2.685817994200946981e-02
7.846751519906429717e-01 2.742710028001151684e-02
7.789535518789298951e-01 2.797849847168527512e-02
7.622834464705132707e-01 2.813847043048397362e-02
2.901169055072602143e-01 1.097730926216382644e-02
