2.272836905034342769e-01 8.112877590092918215e-03
2.552003947915686410e-01 8.833712325187276920e-03
2.936044151338121355e-01 9.835120191548557544e-03
2.992414230416652887e-01 9.365456589823351052e-03
3.091627061748349892e-01 9.852555682912364499e-03
3.129907955715209300e-01 9.464824468122308432e-03
3.169449428813703173e-01 9.338375953157757037e-03
3.176423503450834795e-01 9.195873717748968140e-03
3.193951069867916326e-01 9.106245674971849904e-03
3.196977886890467468e-01 8.710556496537456492e-03
3.239245677254823375e-01 8.914225479073610223e-03
3.251764840238439147e-01 8.512980694281019681e-03
3.269394411203211392e-01 8.399693230244226205e-03
3.252368003261966178e-01 8.118380901962348253e-03
3.272157655655357766e-01 8.262297304319024885e-03
3.282410563152365901e-01 8.138855430046044309e-03
3.291803799300484501e-01 8.208196155007826955e-03
3.273043874553018817e-01 7.971868082920847282e-03
3.289483772433656750e-01 8.178064482024353238e-03
3.298676542339273876e-01 8.265486847990544811e-03
3.304180370520719556e-01 8.400432128452530942e-03
3.289077268895055917e-01 8.370843937020420664e-03
3.282346268391488353e-01 8.638642863092724222e-03
3.279634228910893734e-01 8.591896956922695505e-03
3.296342321145034893e-01 8.822048103650153433e-03
3.284046856962000160e-01 8.999492205629271852e-03
3.248218495213714974e-01 9.083477562659314497e-03
3.215819812428978297e-01 8.984201833220087363e-03
3.179692721909243569e-01 9.162386523630067919e-03
2.695481753442727779e-01 7.932316577124419454e-03
3.142646158531616774e-01 9.405730518008473956e-03
