1.844929218562176843e-01 6.722493857856787734e-03
1.868322352310285428e-01 6.525170503412308642e-03
2.267088006910836784e-01 7.712463619675544516e-03
2.380273727552549012e-01 7.608480499040803403e-03
2.526914375270761237e-01 8.289023347670671296e-03
2.605620372355952341e-01 8.159103469470347161e-03
2.688851649104029851e-01 8.292967035509617862e-03
2.738338664529239574e-01 8.416853582656414617e-03
2.792422673807469224e-01 8.505105796235241586e-03
2.822398451589193669e-01 8.384638122288649506e-03
2.892579157256781608e-01 8.888525292139126677e-03
2.930383882170404242e-01 8.576665530925986144e-03
2.960801813507558111e-01 8.563136600337202531e-03
2.958338247099470131e-01 8.428056822620358726e-03
2.990062912170302623e-01 8.709641813280457473e-03
3.007118790598943825e-01 8.622136428218475299e-03
3.025005050229500059e-01 8.995702126366952878e-03
3.026860750883835771e-01 9.039434794378660779e-03
3.052312305592730923e-01 9.291813804050773340e-03
3.067137500201309042e-01 9.725520102296941402e-03
3.085658716707560534e-01 1.024381487155501778e-02
3.069900984035284774e-01 1.032234254334077339e-02
3.071766620214549381e-01 1.038415721833035876e-02
3.072334582237529754e-01 1.065120013654085283e-02
3.102106221173230871e-01 1.125631179161805211e-02
3.101655262901595322e-01 1.162854722052837630e-02
3.060697641876172770e-01 1.185488120826644516e-02
3.048998286270375169e-01 1.196146329831223980e-02
3.021804268786475456e-01 1.221009799915639439e-02
2.547337253440098426e-01 1.075505798772740697e-02
3.023155103450343995e-01 1.318695048586391097e-02
