3.482878926839104161e-01 1.648775726824548357e-02
7.382694826532564258e-01 3.408590213641417288e-02
6.856160762414572618e-01 3.027636506489537332e-02
7.024605571396879133e-01 2.978772949810307852e-02
7.248552089233276652e-01 3.035976757833707546e-02
7.335932439160136598e-01 2.997758435670262386e-02
7.425560892053774120e-01 2.923210092522795719e-02
7.470859151165811785e-01 2.903979507450995048e-02
7.532887750825105755e-01 2.791810780486304183e-02
7.575889345660760110e-01 2.717147882718798715e-02
7.697896673817772317e-01 2.695467801122333751e-02
7.732932020715113097e-01 2.666473228521790487e-02
7.796999502966823758e-01 2.624236964621548887e-02
7.814104642230509379e-01 2.700922986981178081e-02
7.848889343137379626e-01 2.807934475745171854e-02
7.902566288467937072e-01 2.855524124785378468e-02
7.928485636391088276e-01 2.796579042021522105e-02
7.944710936319043793e-01 2.765232951252292667e-02
7.966752620796436757e-01 2.792889551417461827e-02
7.998659155061579318e-01 2.711698159317410886e-02
7.991784768047877074e-01 2.659787618739466175e-02
7.987804962433877609e-01 2.636070072410824291e-02
7.975026997278112928e-01 2.723517576701196818e-02
8.032531796352235798e-01 2.773056053617584810e-02
8.060785011905344799e-01 2.823412550798967344e-02
8.019326137618645323e-01 2.838243573103014020e-02
7.966743084597975866e-01 2.868086152322735227e-02
7.913143366216198737e-01 2.846153049623924985e-02
7.753807459544936886e-01 2.837710356381890897e-02
2.945835546753305390e-01 1.079458558957380361e-02
