5.454762012039440777e-02 1.047433610257476238e-03
1.183520763287572303e-01 2.196438452806087540e-03
1.094366399501486703e-01 1.787356904330833452e-03
1.141164025714598712e-01 1.978586228358837108e-03
1.170195004844038211e-01 1.837696595965078710e-03
1.198982693453013171e-01 1.785693400777688252e-03
1.211039305593144683e-01 1.721098494294616421e-03
1.232942356205645462e-01 1.852644349251048516e-03
1.235921537739643888e-01 1.696657981445729877e-03
1.259768291218274772e-01 1.787716250293060107e-03
1.271538361570587750e-01 1.670314900837552774e-03
1.284778034311030714e-01 1.787963775236614756e-03
1.284964025833914836e-01 1.659311221189027716e-03
1.297284218300843450e-01 1.760302929728254284e-03
1.307523402085271347e-01 1.680871230449244554e-03
1.315123191557074633e-01 1.804095521472977130e-03
1.314824076242386008e-01 1.702924955819045631e-03
1.326736844599886167e-01 1.851843760116538007e-03
1.326858615691103860e-01 1.789772114237600737e-03
1.332544820310320455e-01 1.933614781799247251e-03
1.326240228554351752e-01 1.846352614337882104e-03
1.327445512922104665e-01 1.989878533635214188e-03
1.324147463089832832e-01 1.894451015600865989e-03
1.335262412342961558e-01 2.050759193907954019e-03
1.333372933391921422e-01 2.119066982104890647e-03
1.319807560178549444e-01 2.233283491007152875e-03
1.304362305654692133e-01 2.259878835348770945e-03
1.289914266142224430e-01 2.378844301606182488e-03
1.096978168401301218e-01 2.089068607497450263e-03
1.282558083411563798e-01 2.618025898547199273e-03
