6.755000057904204935e-02 1.310969742582284011e-03
1.460750400868387477e-01 2.694654546358205092e-03
1.322822463471027832e-01 2.153634707519730494e-03
1.353838510872788503e-01 2.308716621425825448e-03
1.367526734223624696e-01 2.122440317443479232e-03
1.384782943985488624e-01 2.034131432487305303e-03
1.384721413934470458e-01 1.953919805882115522e-03
1.397878183298750521e-01 2.082345330643991990e-03
1.391339868906102395e-01 1.898434776424329402e-03
1.408627143370054235e-01 1.989871765912059731e-03
1.411550931973312439e-01 1.936296977570695944e-03
1.420130669559345749e-01 1.933119019839643236e-03
1.415278574728403294e-01 1.734582737380702643e-03
1.421261865969881966e-01 1.827653237792311279e-03
1.426470230100637671e-01 1.769522478058763084e-03
1.430444438189717171e-01 1.904959456803833598e-03
1.423617873467814821e-01 1.732304546970898744e-03
1.429775955000870125e-01 1.841792135665000149e-03
1.430116000514120855e-01 1.768643621187888969e-03
1.432768435923493511e-01 1.819966539395842129e-03
1.426064173817401248e-01 1.748856840738958075e-03
1.424371623056152891e-01 1.892229022609434120e-03
1.419758272795294818e-01 1.752566048778560724e-03
1.424706802494268287e-01 1.859813147984392193e-03
1.418698958490365869e-01 1.845765816491635666e-03
1.401464505104583480e-01 1.968993623853319743e-03
1.382693743755666616e-01 1.892968529553221667e-03
1.367121943833710385e-01 1.949660580369087836e-03
1.164284689193296474e-01 1.687582422438317371e-03
1.356081513422753293e-01 2.076465030326105771e-03
