5.336516391361058320e-02 1.094873824381597822e-03
1.101226723797854856e-01 2.044818609983316358e-03
1.031912433943823065e-01 1.698928595718861116e-03
1.084585522757437470e-01 1.896375682271224600e-03
1.122111671814421258e-01 1.768787347629333486e-03
1.154692434656972438e-01 1.736831537776377995e-03
1.172906367473525308e-01 1.718834832967148195e-03
1.201367120629009549e-01 1.934079787828274196e-03
1.211334958042053350e-01 1.741716141581688788e-03
1.237541724295116580e-01 1.924803981751747710e-03
1.253377026139609329e-01 2.011046282359061754e-03
1.269267473144583547e-01 1.991854521610607939e-03
1.271812270182652027e-01 1.704926656596909276e-03
1.283384722994952154e-01 1.863804258767333671e-03
1.290497475220344636e-01 1.778677548676104976e-03
1.296096313228329577e-01 1.909692378193716955e-03
1.295696723261124395e-01 1.853315823618725431e-03
1.312515524188328508e-01 2.025235550456769371e-03
1.312610706473617828e-01 1.949977598207761629e-03
1.320923829589399356e-01 2.192490911622259949e-03
1.315746284988180692e-01 2.188561244714420928e-03
1.315261238588892323e-01 2.290796555060879963e-03
1.311476217515615550e-01 1.997504687577712854e-03
1.326971594132750898e-01 2.254005910627578883e-03
1.321561849128901067e-01 2.365986155241328950e-03
1.305946334183827329e-01 2.581673008880476690e-03
1.294023946214146459e-01 2.563673995930503251e-03
1.284547314663088413e-01 2.630976403407099540e-03
1.087453425308506916e-01 2.355392650621694096e-03
1.272044960434224048e-01 3.058842278005767263e-03
