6.037925238333659295e-02 1.173032039221659408e-03
1.310928328672846255e-01 2.464276148195316749e-03
1.199763965095356905e-01 1.990641706968147243e-03
1.239253337792897425e-01 2.180324721453412613e-03
1.260936581268307655e-01 2.119552165587717391e-03
1.284567531911370575e-01 2.121619640098292014e-03
1.290226529471142636e-01 2.092899157681318584e-03
1.307439260150158045e-01 2.296077420241206084e-03
1.306238525513193915e-01 2.099669571717506424e-03
1.327276985203430237e-01 2.203562305002525895e-03
1.335171552536032757e-01 2.184176411687907635e-03
1.346256639534093302e-01 2.356160198833901105e-03
1.344442656607538478e-01 2.397841084339506247e-03
1.354005638865930228e-01 2.736977373197278449e-03
1.361890652099394805e-01 2.999820375003629976e-03
1.368230167861573809e-01 3.213616024810948737e-03
1.364355128099791759e-01 3.084627641199503591e-03
1.373327676175858103e-01 3.158653173888588406e-03
1.373923981977084041e-01 2.998059807302681703e-03
1.378419620983117877e-01 2.856340087439360187e-03
1.371579760229137690e-01 2.659773865884694933e-03
1.371074986466838952e-01 2.665339285804640881e-03
1.367868082435810539e-01 2.673114226270964511e-03
1.375692105647577934e-01 2.865326118763506912e-03
1.372225610584510702e-01 2.907217000663875339e-03
1.356978400655565742e-01 3.023412441060064834e-03
1.339552232210841076e-01 3.010153751192089656e-03
1.324590429188937657e-01 2.950335535981231296e-03
1.127178241038168244e-01 2.557729576160335926e-03
1.314684026820853446e-01 3.044704441067115630e-03
