1.430818568400320512e-01 5.109769521429613146e-03
3.028884810707291875e-01 1.074339219002273804e-02
2.840086911911424150e-01 9.461475760703315016e-03
2.935664453992276046e-01 9.449616019273640935e-03
3.050882971957434298e-01 9.820088351609607136e-03
3.103368728539854238e-01 9.756669882194524829e-03
3.156867920673544492e-01 9.472524060213097924e-03
3.188889495389050643e-01 9.682403611093496135e-03
3.223965401820355070e-01 9.502129155520025461e-03
3.250393867617735744e-01 9.415949935230271545e-03
3.311696477092097024e-01 9.374249381554676172e-03
3.331526583764906624e-01 9.444726113504317566e-03
3.361923540751314832e-01 9.308223092948606295e-03
3.375346156161708744e-01 9.424051370033628000e-03
3.395100740892773028e-01 9.365684712353753230e-03
3.419994780617589547e-01 9.525175987380425993e-03
3.437900310817723626e-01 9.642738098906155492e-03
3.451153902568344645e-01 9.755889526210944837e-03
3.457257115710430373e-01 1.013750694274963282e-02
3.472312200773761681e-01 1.034376954078958938e-02
3.467838779223590406e-01 1.050421183951346510e-02
3.468244709354544320e-01 1.068965692228686197e-02
3.459902629525730688e-01 1.105959964189554695e-02
3.491806779715030951e-01 1.130778009858649652e-02
3.505650516096945335e-01 1.171201120817208681e-02
3.488618764656354343e-01 1.186852726154650692e-02
3.467449563956676029e-01 1.211993098867193176e-02
3.442166031322613784e-01 1.236359174617570819e-02
3.368501471430680461e-01 1.243428274453032764e-02
1.282015538462731308e-01 4.850831088246493339e-03
