1.771899415273759382e-01 6.324784249249115232e-03
3.738417814556773688e-01 1.316207745212915128e-02
3.433012532662567118e-01 1.133810660278857137e-02
3.482812970268171493e-01 1.102818366864521428e-02
3.565398535967002625e-01 1.127695572705331682e-02
3.584322830788257419e-01 1.099847574795112352e-02
3.609653617340048970e-01 1.055951709853542551e-02
3.615521694648838880e-01 1.065415307177109555e-02
3.629423522085414855e-01 1.032726404280708693e-02
3.634513759804604560e-01 1.008422138579934992e-02
3.676398325060564742e-01 1.002842718645377204e-02
3.682548152513616668e-01 9.842024366311135503e-03
3.702914996812649018e-01 9.541407940091518533e-03
3.697960215298730091e-01 9.472789265698956448e-03
3.703998949204785340e-01 9.353935703730869439e-03
3.719931543804797514e-01 9.434115782586021889e-03
3.722408323842714140e-01 9.337786446988342870e-03
3.719225180303039058e-01 9.263823986845434386e-03
3.726346565168106584e-01 9.551439910800632940e-03
3.733514941703188206e-01 9.479625659423077111e-03
3.728899844424889976e-01 9.612405750278807046e-03
3.721527984200421191e-01 9.707628682332996792e-03
3.709769099803847392e-01 9.904159662162920902e-03
3.725752705803193066e-01 9.954269757344147429e-03
3.730028763828447946e-01 1.020025637453721677e-02
3.704503001995216871e-01 1.024978893106793035e-02
3.675723697976852056e-01 1.037603603691701452e-02
3.648238064453324658e-01 1.040511099374336404e-02
3.575220984797323753e-01 1.046448919168779801e-02
1.355523308903308632e-01 4.001104023930782821e-03
