7.013488692028216343e-02 2.524832238816642968e-03
1.448362359705636371e-01 5.172217834351159130e-03
1.388057277730755101e-01 4.674300638567312899e-03
1.459650821704231161e-01 4.794755685283160450e-03
1.540855828101861669e-01 5.082560000732333320e-03
1.585049999336735349e-01 5.138654239814545270e-03
1.628870372211903839e-01 5.111236362616001366e-03
1.662066839747898539e-01 5.374772535531209539e-03
1.696986684356668884e-01 5.443274784410495441e-03
1.722628377430304170e-01 5.437284253622144681e-03
1.768564999194884024e-01 5.491914307879042223e-03
1.785985381037902553e-01 5.624879506896949925e-03
1.808631574031001055e-01 5.580023619420402051e-03
1.821075088890026783e-01 5.803532883349236775e-03
1.834989400139841187e-01 5.850289069500564862e-03
1.850833951059789040e-01 6.087177508058271708e-03
1.865244812169907784e-01 6.167715486017046750e-03
1.883885515777128095e-01 6.368546544075170436e-03
1.888507830383294173e-01 6.664863905102768812e-03
1.902926091332174385e-01 6.954968261356385927e-03
1.901821756610798386e-01 7.039011732866232510e-03
1.904030557550390745e-01 7.124208639916806973e-03
1.898812034354952771e-01 7.421577689140433469e-03
1.930435430025465859e-01 7.783739295459324997e-03
1.937242085776165190e-01 8.014999256921333248e-03
1.930129929750101503e-01 8.260486402801123229e-03
1.930003901973323388e-01 8.535250944701575082e-03
1.918679461230368144e-01 8.868908796328156194e-03
1.869453410033801166e-01 8.939925924680193134e-03
7.157573242510592570e-02 3.555840827638295353e-03
