3.067655203896066732e-02 1.180217148145201300e-03
8.111642922730030736e-02 2.913005251775300022e-03
7.272834734503064169e-02 2.372119477078264271e-03
7.494548192317360136e-02 2.162373785727465716e-03
7.580716612939102095e-02 2.290422497011348167e-03
7.608766763875696171e-02 2.470339113640732023e-03
7.684640534024250735e-02 2.443188204607967939e-03
7.653293068160696433e-02 2.207071106353908872e-03
7.691347472075345248e-02 1.715494545449259027e-03
7.717701571681605255e-02 1.682935871086808140e-03
7.804629425640779994e-02 1.693433443657147526e-03
7.919078178817938463e-02 1.561001209523872439e-03
7.999195823301125108e-02 1.908410231524859972e-03
8.039381167426051800e-02 1.927126634328821600e-03
8.001091003282106984e-02 1.561108187179012161e-03
8.005384627884730431e-02 1.548614248413426354e-03
7.906566330799499887e-02 1.477647098455590370e-03
7.858802252015799350e-02 1.758041599137923202e-03
7.072834794574900386e-02 1.680325733111722461e-03
1.022052980150948975e-01 2.482818412780774756e-03
