1.580071118108448275e-02 4.168220805621707732e-04
4.207839055412494061e-02 1.134893775316238610e-03
4.204001225879992060e-02 1.191881963178634176e-03
4.794336497292756710e-02 1.621731887061072771e-03
5.230164613199747570e-02 1.830702877542859800e-03
5.607899574656966674e-02 2.273607393955751673e-03
5.906733898816016876e-02 2.616897857859661319e-03
6.101001238284723543e-02 2.981629390981906970e-03
6.341537586941377314e-02 3.324293397835867414e-03
6.492188860851409726e-02 3.959126755471958740e-03
6.846931093982019934e-02 4.445898153750398908e-03
7.145379802502878352e-02 4.016957064136515362e-03
7.426918716121225228e-02 2.988305519058249201e-03
7.692613195009005700e-02 3.378880173120641858e-03
7.946822953915783083e-02 4.396187545085016371e-03
7.994002108947741159e-02 4.596946579519369316e-03
7.918872026387324681e-02 4.392412021218232952e-03
8.057068537096279126e-02 4.501551495865568561e-03
6.989798264222371604e-02 4.327287049217905766e-03
1.042479655243703091e-01 8.833500899886726973e-03
