2.531729322897798701e-02 4.502776225454058635e-04
6.848109990332176822e-02 1.094383386229295495e-03
6.306215816988774980e-02 8.785730862041144906e-04
6.675405053249271192e-02 8.849581393945968105e-04
6.888334422473731122e-02 8.396265336945391922e-04
7.011465912619183061e-02 7.412459915186528489e-04
7.140395348771513828e-02 7.525201668147443214e-04
7.178750876479753074e-02 7.708223700200778376e-04
7.256395358900943893e-02 8.237186522339176760e-04
7.307712331103338732e-02 9.694565967244818351e-04
7.436584389092167069e-02 8.752425195603286048e-04
7.590889723543224610e-02 9.263929563460632710e-04
7.668220176980072855e-02 9.962546363475894423e-04
7.747636448569542034e-02 1.038938818029251209e-03
7.756740228144054505e-02 1.111099119287776429e-03
7.815169542820914195e-02 1.193066904311299243e-03
7.723942242464090779e-02 1.470581608458533659e-03
7.707554684629916442e-02 1.645036070775292856e-03
6.959671525339192200e-02 1.500857424745101910e-03
1.005508991253600409e-01 2.445983894788638681e-03
