2.001072426677392296e-02 6.857516812840467159e-04
5.065520554459605057e-02 1.769680898784064572e-03
4.954840848047084578e-02 1.751839723680904091e-03
5.505082064036727341e-02 1.802689551128180316e-03
5.875693462537956435e-02 2.195566791274073965e-03
6.214190578050598351e-02 2.459003065090202729e-03
6.546145861645921715e-02 2.414038994457787680e-03
6.697556531199314045e-02 2.360449934210513776e-03
6.877153306683103651e-02 1.452451263152338464e-03
7.030381187123338482e-02 1.640688552570020295e-03
7.351869821087618495e-02 1.871106143113257774e-03
7.715125540809791849e-02 2.361576071160830913e-03
8.160422746472160982e-02 3.152374694599442088e-03
8.347734660318091582e-02 4.056280697764588078e-03
8.590134357132032938e-02 4.746798449032238465e-03
8.573353075461360995e-02 5.550215427377269695e-03
8.444399274187597282e-02 4.634899486635151063e-03
8.562349547335583455e-02 7.215655260714804418e-03
7.504450829080377972e-02 7.149236377888221368e-03
1.121658816846761858e-01 1.025576266795521010e-02
