2.139965871862685790e-02 6.341892748529115442e-04
5.809345095838833878e-02 1.544186638173454095e-03
5.503691594218926286e-02 1.378985518379562689e-03
5.978409336489453468e-02 1.538816458275916272e-03
6.293331852002199966e-02 1.745790717830304848e-03
6.494200410252803923e-02 1.827072490163794216e-03
6.655529765056844571e-02 1.659790107949162593e-03
6.733905780086277271e-02 1.676430790163205070e-03
6.852694030554286331e-02 1.651474446070048084e-03
6.914882403040172043e-02 1.692096734640175654e-03
7.077664873862961337e-02 1.654936434926205374e-03
7.281455622225241342e-02 1.783588066870575497e-03
7.394834114789379520e-02 2.619619782105858923e-03
7.545710491988498470e-02 2.933796689497687044e-03
7.620195227537085447e-02 2.976557830743177709e-03
7.728814234600560329e-02 2.978676741424485155e-03
7.684512647506210048e-02 2.760779325079642122e-03
7.710285032510939829e-02 2.430964936511618556e-03
7.000766916531034334e-02 2.002088490376670651e-03
9.976122978933678331e-02 2.544152427201338152e-03
