1.500416851819228736e-01 2.911918693019027466e-03
3.244610657256791209e-01 5.985351675099068527e-03
2.938245890663623294e-01 4.783641421356114865e-03
3.007138562461562081e-01 5.128108505060775466e-03
3.037542767955280776e-01 4.714352615802638695e-03
3.075872164999373659e-01 4.518201412223308774e-03
3.075735494792637970e-01 4.340035793809494599e-03
3.104959237650443682e-01 4.625293854363935440e-03
3.090436370125457244e-01 4.216792755306817547e-03
3.128834767912866410e-01 4.419892087254911547e-03
3.135329070879380731e-01 4.300892065684443731e-03
3.154386336235298072e-01 4.293833203666214474e-03
3.143608890212255536e-01 3.852845518476847100e-03
3.156898943404116142e-01 4.059573195794115644e-03
3.168467732812270676e-01 3.930453475933757233e-03
3.177295221692176819e-01 4.231285339037740151e-03
3.162132094140768790e-01 3.847785214623163693e-03
3.175810390555083851e-01 4.090978437026511656e-03
3.176565697755814321e-01 3.928501363945516127e-03
3.182457272518908753e-01 4.042499544113876096e-03
3.167565802856782686e-01 3.884551077381049461e-03
3.163806318529665540e-01 4.203008569485459055e-03
3.153559170616415663e-01 3.892789949626604146e-03
3.164550817231398527e-01 4.131006609253096325e-03
3.151206227580347075e-01 4.099804754753972290e-03
3.112925155677671585e-01 4.373517674359088912e-03
3.071231645081122230e-01 4.204651158191586788e-03
3.036643649794991129e-01 4.330575225814331346e-03
2.586102669143025001e-01 3.748448680614801642e-03
3.012120707236976003e-01 4.612232564038268312e-03
