1.353593767408165227e-01 2.629725931649212062e-03
2.938864502568903081e-01 5.524461969473355369e-03
2.689654080516854506e-01 4.462659111093072138e-03
2.778182120617266326e-01 4.887894164618379091e-03
2.826792035558195471e-01 4.751653072517686947e-03
2.879768358128906858e-01 4.756287976895360280e-03
2.892454808398369215e-01 4.691901843476691328e-03
2.931042641217611600e-01 5.147390805360052037e-03
2.928350811066110504e-01 4.707079888716405452e-03
2.975515237236500132e-01 4.939988629223636928e-03
2.993213431096124477e-01 4.896528958342374893e-03
3.018064193699956932e-01 5.282085541418223354e-03
3.013997571662340169e-01 5.375526557352841225e-03
3.035436050397737340e-01 6.135808854299810988e-03
3.053112825692978483e-01 6.725055383543732980e-03
3.067324874841237392e-01 7.204346609676594293e-03
3.058637735694986204e-01 6.915177954497324711e-03
3.078752567651542593e-01 7.081129826575186144e-03
3.080089377539291240e-01 6.721108508793093538e-03
3.090167788084108857e-01 6.403398497565873301e-03
3.074834055848162384e-01 5.962732537195864282e-03
3.073702444257045974e-01 5.975209203300414253e-03
3.066513144724953843e-01 5.992639215335898543e-03
3.084053191408984151e-01 6.423543556529483396e-03
3.076281935676420387e-01 6.517455346446033443e-03
3.042100445320836122e-01 6.777944533895324808e-03
3.003034123586958426e-01 6.748220946303605874e-03
2.969492463960138884e-01 6.614119313555939794e-03
2.526929999299619700e-01 5.733967673242472592e-03
2.947284099375325206e-01 6.825677351655654729e-03
