4.869133757861223571e-02 1.329877248870275008e-03
3.200779482318390212e-02 1.389475707895080053e-03
4.039163760332432213e-02 1.636719836272944144e-03
4.904973211480068845e-02 1.911919086462355926e-03
5.355004766616877632e-02 2.251790298753447370e-03
5.973799785421984171e-02 2.601790457734715675e-03
6.634283212809503893e-02 2.909348650328100368e-03
7.321111526508310152e-02 3.214121794394644589e-03
7.700814427464724998e-02 3.554409297188916832e-03
7.837862815164146901e-02 3.914591474591185179e-03
8.159415593695058810e-02 4.261495224995990282e-03
8.264636128347067900e-02 4.611788102712514187e-03
8.153531504477601333e-02 5.135860566478092637e-03
8.483318577917564607e-02 5.530334000910090177e-03
9.055494941925160135e-02 6.014800459030020426e-03
9.636054008755451372e-02 6.600868854981427856e-03
9.692610224015422993e-02 6.968212276461543432e-03
9.674845109412422151e-02 7.529561420707243935e-03
8.893446026000695337e-02 7.195976055750090937e-03
1.139488976193579611e-01 9.177172229387487237e-03
