5.681581905830891677e-02 1.589350411092635635e-03
3.805338015758054360e-02 1.561921343099939054e-03
4.660365508859232175e-02 1.786358636790051288e-03
5.520279428274475070e-02 2.035639697700596194e-03
5.975608670017817231e-02 2.319392109205850074e-03
6.520822162812238421e-02 2.624899828653879438e-03
7.223752918780305954e-02 2.928430119282406097e-03
7.940477767428044675e-02 3.221220036450389915e-03
8.226220102953969715e-02 3.501766003824228167e-03
8.257680479957016373e-02 3.754407812093454953e-03
8.619381441525360288e-02 3.976219960212187127e-03
8.727142589711657517e-02 4.221106697075916597e-03
8.885873112850682654e-02 4.589267702301587717e-03
9.074678324414692243e-02 4.891934711217075377e-03
9.322582361904338533e-02 5.087204830423930693e-03
9.896366727147910825e-02 5.331049916472609639e-03
9.516730207090302873e-02 5.480087825892570284e-03
9.510270395644436492e-02 5.872544227145400954e-03
9.054725960118861772e-02 5.718033922960394713e-03
1.166751177520783944e-01 7.334115357447670847e-03
