6.613072332779679208e-02 1.647450783762414951e-03
4.349137535226670070e-02 1.617944024914378569e-03
5.262801160883159857e-02 1.784767683412254342e-03
6.096209604242665975e-02 1.968786682344685242e-03
6.487248469634963877e-02 2.140881596787155578e-03
7.056736705842103774e-02 2.344764367156352679e-03
7.699780735657600628e-02 2.501058648622527664e-03
8.136822516120699456e-02 2.590233174265231964e-03
8.244244308670163612e-02 2.692229345421380277e-03
8.395370630484812191e-02 2.784413038136028529e-03
8.612799491070678715e-02 2.901824180048662074e-03
8.901531467998342884e-02 2.968850183872223311e-03
8.951226471996646950e-02 3.174944216178969547e-03
9.126096952257062300e-02 3.225706831811273566e-03
9.359062233426809763e-02 3.279638913180880824e-03
9.526066009701136816e-02 3.477954991789648353e-03
9.629125983791608778e-02 3.621596533495576638e-03
9.627208823084237865e-02 3.729890813927265025e-03
8.913703844116578623e-02 3.484174609854337641e-03
1.076656489268494610e-01 3.954981062726638762e-03
