7.611907883679952525e-02 1.835808528336840394e-03
5.017229884847169974e-02 1.759271466577064062e-03
5.917829731819509997e-02 1.872820801525419037e-03
6.663454299629430200e-02 1.993580746486266469e-03
6.992938176363941438e-02 2.069534782607151437e-03
7.426678769160104110e-02 2.170514907274957543e-03
8.025567334698226196e-02 2.260111010501730106e-03
8.410211816007424901e-02 2.283170246418075779e-03
8.506882012472322119e-02 2.312262007939568965e-03
8.559672078429231279e-02 2.321633336498554311e-03
8.769053799554735185e-02 2.336245841321867023e-03
9.033522391286322173e-02 2.316255196201447153e-03
9.071343657032933383e-02 2.414007018734540960e-03
9.115870076155858925e-02 2.426933832241602064e-03
9.163555687218885581e-02 2.376582260087307941e-03
9.297544299969186243e-02 2.398757130016612119e-03
9.349194446461113472e-02 2.405656201858222785e-03
9.301756771600915019e-02 2.421237681236607184e-03
8.551342644525718184e-02 2.165645656560858529e-03
1.031590794589379162e-01 2.382109478731394246e-03
