8.748991883296648731e-02 2.154062103563154570e-03
5.805905307668430410e-02 2.012300819305021249e-03
6.651020030640261704e-02 2.072666348840115132e-03
7.291976504512773238e-02 2.136206221564080319e-03
7.529836350713484117e-02 2.129876201774618880e-03
7.818620242861273884e-02 2.157688838640812665e-03
8.363853053350343847e-02 2.200531359490222674e-03
8.698621180025668809e-02 2.186108740677077372e-03
8.753759363835715568e-02 2.177501824901807975e-03
8.763139037373893214e-02 2.114244703782731244e-03
8.967638319948158243e-02 2.071365782317245198e-03
9.182832801507517795e-02 2.038880902926766200e-03
9.229568743970711919e-02 2.093134771793412566e-03
9.211258800916284628e-02 2.079377514168122450e-03
9.135392177503172395e-02 1.971271855696639982e-03
9.165889623057865698e-02 1.929044623766016254e-03
9.180077703472749873e-02 1.860158331772129294e-03
9.147571243153476694e-02 1.834105058205065704e-03
8.377713506244956199e-02 1.594095631959622020e-03
1.009521641905099520e-01 1.715697919216665210e-03
