5.585818235228603434e-01 2.007410898600075697e-02
1.200625388580259134e+00 4.289471718112810444e-02
1.101508253748773702e+00 3.696356389315506863e-02
1.118083506423816154e+00 3.588902113613059303e-02
1.144143442346657658e+00 3.688715621186254567e-02
1.150674485224399746e+00 3.622907886976291930e-02
1.158148208481760699e+00 3.470801680939718942e-02
1.159451087523666990e+00 3.492645470843204480e-02
1.163718521374348169e+00 3.410997798062521957e-02
1.166060163512653958e+00 3.347244113812813948e-02
1.179535308411402195e+00 3.302432421331197993e-02
1.181458090315073317e+00 3.243594923496281174e-02
1.187970422919389923e+00 3.183042690890045684e-02
1.187143752990342360e+00 3.137607109007008871e-02
1.190346475165163787e+00 3.054874395068818416e-02
1.196629801921920144e+00 3.033071338580809947e-02
1.198117182589581109e+00 3.035800813794775274e-02
1.196729096715236196e+00 3.019612852546258580e-02
1.199454834648864709e+00 3.106327975429343247e-02
1.201837445308150398e+00 3.106612152249967410e-02
1.200107784116429821e+00 3.154812674043182968e-02
1.197985124436790727e+00 3.169647640378631115e-02
1.194702428058025623e+00 3.207184248894055095e-02
1.200541529604538749e+00 3.214620186888252767e-02
1.202754779424110021e+00 3.302304636316166775e-02
1.194704117777323882e+00 3.305369524330117881e-02
1.185853193206444445e+00 3.346097428708173782e-02
1.176752824908817052e+00 3.359965421825531623e-02
1.153335602138178873e+00 3.371539066463337397e-02
4.372056843765865786e-01 1.289694302357990638e-02
