1.496743566283159910e-01 5.592572876364306292e-03
3.338648457255258273e-01 1.309951181241312407e-02
3.138361033520888910e-01 1.260699658496457556e-02
3.312088147767126567e-01 1.313939376315297058e-02
3.437885726558939092e-01 1.419115690263443239e-02
3.539419170583642527e-01 1.476157947132986613e-02
3.558797231147236562e-01 1.538481913036425681e-02
3.618107784064911736e-01 1.554847689937850427e-02
3.648003687359524516e-01 1.589850108452089267e-02
3.756173677757463913e-01 1.619265287401657274e-02
3.808573645311941758e-01 1.674974398141054407e-02
3.812277125818341328e-01 1.722736848643156155e-02
3.799330094808457403e-01 1.733428004579110754e-02
3.844473001344961838e-01 1.748151990704387496e-02
3.873220118491952357e-01 1.776272056864423854e-02
3.922026255104077985e-01 1.735085574441754333e-02
3.948575441770414973e-01 1.797007644745436325e-02
3.993657928725511952e-01 1.851413775696707925e-02
3.997837931658644317e-01 1.859816787384720171e-02
4.067038501824174479e-01 1.931240578379027004e-02
4.079527752487269732e-01 1.921077118248849455e-02
4.093782095594070691e-01 1.932097395520308153e-02
4.060098689832166707e-01 1.930075819317698949e-02
4.102785137324071463e-01 1.992119621824369260e-02
4.097421879576870207e-01 2.072089377872803062e-02
4.082590217507779395e-01 2.101085123779754954e-02
4.100685298035551818e-01 2.215106655874605340e-02
4.068534862996888157e-01 2.144225748588044975e-02
3.473878051366776076e-01 1.879518811835366107e-02
4.073182673930300646e-01 2.146932807678888361e-02
