4.309675572410552324e-01 1.572127628840099337e-02
9.289263195429527942e-01 3.353122100680162171e-02
8.787691188956052724e-01 2.999740410906426291e-02
9.158431360965954005e-01 3.029978095264913157e-02
9.579927450682533818e-01 3.216429454955625766e-02
9.794171086201814980e-01 3.325488430407609608e-02
9.994209085886546218e-01 3.266819456648643177e-02
1.013276361359065403e+00 3.342074888562045903e-02
1.030143065650005907e+00 3.434316133146384648e-02
1.044115230822736606e+00 3.542826030765121315e-02
1.068715903059811678e+00 3.589120892733638907e-02
1.075988753035099110e+00 3.592667260613779251e-02
1.088361791339615747e+00 3.614146879503028764e-02
1.096703567039289506e+00 3.638050944172124823e-02
1.106963999719421610e+00 3.515285243020983136e-02
1.119689500257046388e+00 3.584964691666571446e-02
1.128767551700434080e+00 3.834465912875495430e-02
1.135629342746507175e+00 3.965321672095756256e-02
1.140321563677395345e+00 4.090863326821905094e-02
1.150093688313707840e+00 4.354081119915983317e-02
1.149991067296798120e+00 4.518636953185779098e-02
1.149325013806545170e+00 4.629464152103133362e-02
1.146581951158779589e+00 4.670710207806602621e-02
1.164151167138961496e+00 4.729072894139911554e-02
1.170737721527208119e+00 4.738008261208716265e-02
1.166113035276595600e+00 4.735086981695518782e-02
1.165840475589245750e+00 4.750306561890937918e-02
1.161696914410729420e+00 4.825105186769024918e-02
1.133778586394273757e+00 4.821257208417310119e-02
4.311152996466128817e-01 1.875249629782725636e-02
