6.099169063250415856e-01 2.711797048438137347e-02
1.308643110117607478e+00 6.012617868126390874e-02
1.187372163749331522e+00 5.114992422005962963e-02
1.193762360095093511e+00 4.889450567530877201e-02
1.212386461206529820e+00 4.958910726388620488e-02
1.212229003665691529e+00 4.622286659409095833e-02
1.214251129003158125e+00 4.326281739774804486e-02
1.210670843891579418e+00 4.182674010385285107e-02
1.210401266707063384e+00 3.926643116752896040e-02
1.208449271285750415e+00 3.623220285796386470e-02
1.217937560645504069e+00 3.482417228774110918e-02
1.217080214668550653e+00 3.404102638701846095e-02
1.221313348824507816e+00 3.239300340481356122e-02
1.217067076092723799e+00 3.123658915344381531e-02
1.217917968939535189e+00 3.044575012980166306e-02
1.222221826078711215e+00 3.022891283201606730e-02
1.221516264506654625e+00 3.044764869437567925e-02
1.217900273712081427e+00 2.990975803312244385e-02
1.220404495637008147e+00 3.021232391800195843e-02
1.220959614402329141e+00 3.011218096680030876e-02
1.219141671798151361e+00 3.037902441089143993e-02
1.216474925785132610e+00 3.062437695160742657e-02
1.212346526929196866e+00 3.077690604591864706e-02
1.216070032149410896e+00 3.084231632994881289e-02
1.216325806115612362e+00 3.179507054970482499e-02
1.207421494852201072e+00 3.193559172052535394e-02
1.197955874072020199e+00 3.230266116275434807e-02
1.187964486139740705e+00 3.167875577774961759e-02
1.164662736252784159e+00 3.116494348571913209e-02
4.411651592672969913e-01 1.183934807010214411e-02
