5.119174802106963851e-01 1.823308506990933484e-02
1.102175473603519418e+00 3.914682251326928597e-02
1.021950463844359724e+00 3.395731854889406931e-02
1.047053019081724212e+00 3.345725050308678838e-02
1.079475271132896541e+00 3.446910633641073890e-02
1.091928164333874296e+00 3.392447992423858888e-02
1.104390813958284534e+00 3.264151918717174417e-02
1.110302416684029625e+00 3.305662259324511354e-02
1.118645538124101391e+00 3.222922163558131214e-02
1.125139916499602766e+00 3.178571640068774545e-02
1.142351560823698264e+00 3.156221165528486083e-02
1.146680198527496808e+00 3.138620283798658483e-02
1.155096920168852348e+00 3.079879084803007622e-02
1.157551192267130657e+00 3.095900578883018298e-02
1.163035559361218496e+00 3.057759266915224469e-02
1.171069354970456056e+00 3.092056419538020268e-02
1.174659056212875141e+00 3.125249750358000123e-02
1.175783438978553974e+00 3.121157617610381685e-02
1.178193818916947411e+00 3.229458824210060947e-02
1.182223313824031452e+00 3.255065742555029312e-02
1.180096548492141517e+00 3.325210630234887166e-02
1.179003773080785855e+00 3.396611479554885460e-02
1.176109885792991694e+00 3.453040326796955745e-02
1.184396271856777316e+00 3.512179700827090106e-02
1.187846785777700642e+00 3.667776376629978963e-02
1.180862342838985279e+00 3.723281721569942498e-02
1.172586526743417679e+00 3.771134106210095177e-02
1.163392385450034094e+00 3.799123570586812604e-02
1.139081184198470043e+00 3.781151134782971546e-02
4.323806690642310047e-01 1.447365084950972061e-02
