2.324870726205379434e-01 7.607081998822939201e-03
5.112711000904173186e-01 1.776608793111866466e-02
4.574618487160120872e-01 1.467017331776704001e-02
4.639769833612025773e-01 1.443752418319724749e-02
4.649547259940051691e-01 1.408808465978723078e-02
4.682751406758144386e-01 1.272539223976924816e-02
4.657439696002126928e-01 1.164773472005594182e-02
4.680220167853914592e-01 1.111861217085499155e-02
4.639453166731894451e-01 9.835250655388686272e-03
4.682955215947924854e-01 8.814402848715714722e-03
4.675637818283616132e-01 7.956652473888091784e-03
4.692895891650128437e-01 7.910512726983089798e-03
4.667315277412040220e-01 6.953710222497322749e-03
4.677009244143109923e-01 6.726239451603392878e-03
4.689772123300953721e-01 6.319769283950877822e-03
4.699243243071870579e-01 6.474884427080974947e-03
4.671007023246470657e-01 6.431011501330548621e-03
4.681328188300596937e-01 6.645121459626690368e-03
4.683102527859701603e-01 6.099697477748270910e-03
4.684910037932910609e-01 6.476660651340795070e-03
4.661807885210698110e-01 6.230609004040701601e-03
4.655293109519674233e-01 6.676387395538213067e-03
4.639125764390801820e-01 6.043819330791604799e-03
4.649560505678471678e-01 6.390738882964343975e-03
4.625618754169514291e-01 6.535689635395019494e-03
4.567230180779009441e-01 6.955452869445270976e-03
4.505736664182625750e-01 6.723634279174236714e-03
4.451120860296203241e-01 6.483474499163122649e-03
3.792261883822524160e-01 5.193651957720295080e-03
4.412877357422228530e-01 6.255365476179101068e-03
