1.951322544659787328e-01 3.730945881026483807e-03
4.306076387205314271e-01 8.101285106928604596e-03
3.937302911653028370e-01 6.462079873226774657e-03
4.069566920630072193e-01 7.015008871315144695e-03
4.139837095803587386e-01 6.478650839836760759e-03
4.218047496757962311e-01 6.248523994596590601e-03
4.236063634909009168e-01 5.947105612587173969e-03
4.292224712457374247e-01 6.311938853005225059e-03
4.287764119469841262e-01 5.748161098033209918e-03
4.360126385836559648e-01 6.100883712944428841e-03
4.385474432993625715e-01 5.775995831856039694e-03
4.421452826580511419e-01 5.973339131923822813e-03
4.414275412874563709e-01 5.528921174838267137e-03
4.448308370421359959e-01 5.896286879292726019e-03
4.478449295409946407e-01 5.595224831608819338e-03
4.502580357892896346e-01 5.959152487069439147e-03
4.491837774300860842e-01 5.738468021294521743e-03
4.519450821245678540e-01 6.103194002118360328e-03
4.521136014437580619e-01 5.880289501406943224e-03
4.536286145017955906e-01 6.230783356778413391e-03
4.512515445910839640e-01 6.160032261633521453e-03
4.511905856711965201e-01 6.801188937938287479e-03
4.500473817342952598e-01 6.174848624850574202e-03
4.528468118689994992e-01 6.678775801741317075e-03
4.517324680752429766e-01 7.125797644152137567e-03
4.466776634247551225e-01 7.646243459068849391e-03
4.410327596233816205e-01 7.470378451704379370e-03
4.359062655221395133e-01 7.652041136377729473e-03
3.708973959336724913e-01 6.431058386396121609e-03
4.325017662506365212e-01 7.768004379699879405e-03
