2.450042671267653807e-02 6.463202016668014548e-04
6.524633683532465867e-02 1.759755080017872970e-03
6.518682782961017497e-02 1.848120401313061096e-03
7.434050824778723476e-02 2.514641448172335366e-03
8.109841597151430659e-02 2.838669802256336711e-03
8.695553697950875183e-02 3.525433171369030637e-03
9.158923249762944419e-02 4.057735974428518591e-03
9.460152267797118653e-02 4.623285087671672421e-03
9.833125554534498380e-02 5.154616512617450977e-03
1.006672393205707144e-01 6.138982847478546834e-03
1.061678373538493814e-01 6.893765770389947631e-03
1.107955535539668912e-01 6.228653952972414316e-03
1.151610681443041018e-01 4.633637025934619381e-03
1.192809004944743317e-01 5.239258227285772777e-03
1.232226519108274715e-01 6.816684991526519681e-03
1.239542072294325392e-01 7.127979967663738634e-03
1.227892475889497681e-01 6.810830701505204976e-03
1.249321090359874903e-01 6.980061293052806058e-03
1.083831215863157865e-01 6.709848563082053234e-03
1.616458658097035539e-01 1.369713925744839127e-02
