4.380175504907231343e-02 2.043536863906188650e-03
5.299375535779220908e-02 2.340341565156490739e-03
5.686971490068522955e-02 2.314540197736932644e-03
5.894390125925436097e-02 2.206691804275539171e-03
6.046596705348701584e-02 2.311165931242763032e-03
6.068040121296459227e-02 2.413774959972172108e-03
6.175701550305453397e-02 2.423468012136844717e-03
6.158652064795382131e-02 2.242076993491521654e-03
6.201835531716880234e-02 1.880814340065535160e-03
6.184297449317646689e-02 1.835959805442388855e-03
6.277553207215805231e-02 1.864133336967397367e-03
6.373305299538269131e-02 1.790126339331107874e-03
6.422422758733885295e-02 2.041502910785302372e-03
6.488362356220285510e-02 2.097811549786207652e-03
6.495340883189495984e-02 1.867780802234260450e-03
6.437526209258036258e-02 1.847897389677252309e-03
6.371804748290710307e-02 1.801230258145023388e-03
6.357080165430475938e-02 1.968525326974188659e-03
5.733599746924920859e-02 1.834609867724908486e-03
4.892791990962173238e-02 1.582177060745248174e-03
