2.148305357748311190e-02 8.923032009124466169e-04
2.214405213753248627e-02 9.329641133581207356e-04
2.678264581562996016e-02 1.135055039251083552e-03
3.034747431238592544e-02 1.229311678938408824e-03
3.332038929854359149e-02 1.487112060485644557e-03
3.538527669473873899e-02 1.654604106400514108e-03
3.770521932354161526e-02 1.698070372717393065e-03
3.895243991947215656e-02 1.697082761544906277e-03
4.030722279549833059e-02 1.308545667642759154e-03
4.100657732170308323e-02 1.434964188906749779e-03
4.265899757037081019e-02 1.611836807993152374e-03
4.545507942189674216e-02 1.928002232260045022e-03
4.789747643895021084e-02 2.396835449212747233e-03
4.937894970880454121e-02 2.936989477447370361e-03
5.082872895116449102e-02 3.297921758948158758e-03
5.026031273956345358e-02 3.678152376851747361e-03
5.073135848489632171e-02 3.309182505549200081e-03
5.029507392869862759e-02 4.571189684650253833e-03
4.540724432767070246e-02 4.624344549118437203e-03
5.258730810749071699e-02 5.106308366207154385e-03
