3.209444093258297104e-02 9.511343376762919485e-04
8.712647499985629040e-02 2.315915758254962278e-03
8.254239336446153597e-02 2.068153041524758550e-03
8.966203986877185894e-02 2.307861754974604128e-03
9.438513485143466830e-02 2.618274329080164456e-03
9.739768947333415916e-02 2.740177817138257556e-03
9.981724929740888597e-02 2.489293697646447617e-03
1.009927046717059712e-01 2.514250796235080031e-03
1.027742482646474553e-01 2.476822166090620475e-03
1.037069271796174641e-01 2.537746018110789356e-03
1.061482803167749511e-01 2.482014332858708313e-03
1.092046608983152506e-01 2.674961438072437706e-03
1.109050708817033021e-01 3.928811831444848669e-03
1.131678606952269822e-01 4.400003093383109826e-03
1.142849560549592525e-01 4.464134719963811469e-03
1.159139849811636203e-01 4.467312586237890022e-03
1.152495656607836760e-01 4.140517853190863254e-03
1.156360906512528541e-01 3.645874057614779604e-03
1.049949923219165998e-01 3.002660539640665364e-03
1.496183158308401762e-01 3.815628598189822925e-03
