3.673009747525899510e-02 1.171798963821450755e-03
4.377752641650954624e-02 1.332255857606839348e-03
4.868289881141388969e-02 1.377849502748703997e-03
5.202985058866248930e-02 1.438869644684313918e-03
5.464447557705513769e-02 1.469106994954873669e-03
5.571720667942414718e-02 1.446970950092307242e-03
5.726296368213889404e-02 1.493585983346471706e-03
5.773269047614491140e-02 1.477411944047805296e-03
5.857170743257621853e-02 1.431996954736595388e-03
5.861223785277197562e-02 1.485762914679444012e-03
5.983936256201104198e-02 1.499765170879367423e-03
6.116612770044856096e-02 1.551284824438866781e-03
6.179393517688305804e-02 1.660193721944906329e-03
6.273126393939644496e-02 1.756694034917413846e-03
6.311351206295988392e-02 1.765142689746152264e-03
6.281339135377012051e-02 1.799072361165303694e-03
6.253373741520329432e-02 1.941086903633482130e-03
6.257906375903043994e-02 2.040069791287659785e-03
5.663549318746498307e-02 1.874146942158642264e-03
4.840598103636940125e-02 1.685492495740509647e-03
