1.221933043797343160e-01 4.450834364831488671e-03
7.032095911499003371e-02 3.165673152202031285e-03
8.303650641087596818e-02 3.350296327667732360e-03
8.975026540075552173e-02 3.408156835671163638e-03
9.486984061109191013e-02 3.446107551332780981e-03
9.855837431240889457e-02 3.532001345097876815e-03
1.030833907500358776e-01 3.532637126940908236e-03
1.071018507221489502e-01 3.523800791764537723e-03
1.109161213663373835e-01 3.582249207599564299e-03
1.142971763102797605e-01 3.649132293326257191e-03
1.157396963043631904e-01 3.661863820326454778e-03
1.170030665042131324e-01 3.494792177458512766e-03
1.178983251826689893e-01 3.436572083998742141e-03
1.197586467800134669e-01 3.484946974602538480e-03
1.201995857011865232e-01 3.528803968583917993e-03
1.213757109851395510e-01 3.556464719548226190e-03
1.225992757770047181e-01 3.512383775609212704e-03
1.254223896804152472e-01 3.529858637021173091e-03
1.266117031508335600e-01 3.625438762237409834e-03
1.254306405802628754e-01 3.670554397053690625e-03
1.257086124146900574e-01 3.684438636982945506e-03
1.256386234840628224e-01 3.621339171830404401e-03
1.223763160080195700e-01 3.547554086365489485e-03
1.219373071383615115e-01 3.582169770897665213e-03
1.072568753364943062e-01 3.211894620294013930e-03
1.287779266217827234e-01 3.984581994861631504e-03
