8.356140556066636582e-02 3.217802245272370198e-03
4.483155227389008790e-02 2.325969096357283911e-03
5.800016618792786655e-02 2.635977648905658659e-03
6.687698322098602211e-02 2.906852154326399016e-03
7.501640332214469520e-02 3.170252144089704283e-03
8.086486509358505048e-02 3.465150825901902164e-03
8.811266834891424982e-02 3.775715627816587580e-03
9.507089596655539376e-02 3.962731116956975941e-03
1.009075201734352806e-01 4.216574320590223482e-03
1.046698577193463098e-01 4.559060068456104696e-03
1.076706613671142565e-01 5.009996127879064176e-03
1.125025181848977873e-01 5.281418836989690627e-03
1.162070444919735129e-01 5.535332104580241615e-03
1.212814872235262464e-01 5.945055018766811326e-03
1.218775002728390150e-01 6.263272907837452198e-03
1.256609315448379838e-01 6.498891946735789286e-03
1.273402227314533175e-01 6.951224893945219703e-03
1.334832378058758984e-01 7.564291157007586516e-03
1.398444717645738467e-01 8.072095827777774762e-03
1.406453757553335349e-01 8.692132609836103474e-03
1.457636818401202849e-01 9.258061467622702434e-03
1.523625083596966412e-01 9.650882918384970019e-03
1.449784709201515087e-01 9.767826850886686049e-03
1.534425315520136779e-01 1.097897019203539215e-02
1.331966425615202232e-01 1.008636182924188031e-02
1.646235406730315043e-01 1.398894347605089510e-02
