7.272217768361527446e-02 2.706414433732168973e-03
3.955990614183252374e-02 2.040509725450234419e-03
5.149743697847249807e-02 2.340328873591028102e-03
6.065261118341811614e-02 2.637994636413758340e-03
6.845864027890642689e-02 2.995237194377017506e-03
7.368966434355855855e-02 3.298548596918495206e-03
8.250178043418762708e-02 3.579210786003530261e-03
9.083364919176521723e-02 3.781038183419191314e-03
9.907010310271537057e-02 4.117258861574434568e-03
1.043890987254838254e-01 4.602836404624711247e-03
1.070057073303330858e-01 5.025878375074089091e-03
1.114136552235281408e-01 5.331411783079663055e-03
1.155299413933159602e-01 5.667122248951082103e-03
1.239236275938311177e-01 6.215470273958332431e-03
1.279549708361881200e-01 6.725409161799970892e-03
1.305956422328582167e-01 7.014656602288260254e-03
1.363819139443922523e-01 7.715066562212135812e-03
1.451815569395974170e-01 8.712960616154180257e-03
1.492549621428969076e-01 9.417692915724674985e-03
1.473929621757077146e-01 1.020386929723021523e-02
1.495930045483185866e-01 1.017264581876122821e-02
1.512427632080785567e-01 1.059825990543841225e-02
1.474388810216682721e-01 1.131763067660209766e-02
1.457081853666796489e-01 1.178647842275353831e-02
1.249111740821116645e-01 1.081295608877313498e-02
1.636988083095110291e-01 1.434010253092530413e-02
