1.080394814238448686e-01 3.946792396936817798e-03
6.165924005289229876e-02 2.798673752092088480e-03
7.426893140124908588e-02 3.027742756036751366e-03
8.209042856577622449e-02 3.148045644947003278e-03
8.823011613045188273e-02 3.270378872451099646e-03
9.226287787154048570e-02 3.417118275365991099e-03
9.849263825296394881e-02 3.476270931138922098e-03
1.038579281708282148e-01 3.491307843607236502e-03
1.089738686930675216e-01 3.632930309921646866e-03
1.131254556800346117e-01 3.753372368881179987e-03
1.145837396638149930e-01 3.812608922518766555e-03
1.160363458061708791e-01 3.718692748858567175e-03
1.182351831594452979e-01 3.722240581799696885e-03
1.220793854994631777e-01 3.868679321684533479e-03
1.236550846345046417e-01 4.001872201154510651e-03
1.251467143859335551e-01 4.066256714598325689e-03
1.270358194219141090e-01 4.088961956191686925e-03
1.311987304785227626e-01 4.213589450685983548e-03
1.329983255416388732e-01 4.383837319294716338e-03
1.313744903623431382e-01 4.498726159216354277e-03
1.315597106697332930e-01 4.491781443631693259e-03
1.315103580573224185e-01 4.475915590460680799e-03
1.280061415054410123e-01 4.462295220441803503e-03
1.270630814000945907e-01 4.610837178419523522e-03
1.112961590272481260e-01 4.154483414911796374e-03
1.353789957650232967e-01 5.284182616364774439e-03
