9.499523884201187263e-02 3.607066337138985484e-03
5.382073699778892883e-02 2.536013733787976718e-03
6.617909359365160837e-02 2.795193743560562584e-03
7.466294340791418405e-02 2.976068551739224303e-03
8.140252444152834554e-02 3.180754241447706059e-03
8.543791305187248275e-02 3.393312850903345938e-03
9.329159380129656287e-02 3.541556264328038581e-03
9.983037977367845150e-02 3.604040837630906671e-03
1.056361742350500760e-01 3.839925858819621431e-03
1.100636483759066531e-01 4.026438516800149789e-03
1.114278342235526520e-01 4.140149397352877250e-03
1.127536524857767897e-01 4.132499122022342299e-03
1.161417475271242367e-01 4.221209815981291288e-03
1.217364709762056157e-01 4.465613281616068360e-03
1.253484172089075199e-01 4.684797386922468984e-03
1.276154757801008788e-01 4.834499494879430752e-03
1.297300309094140403e-01 5.009174236891700618e-03
1.350252527181993734e-01 5.304832261519851558e-03
1.374389509780452878e-01 5.621569757550778056e-03
1.340667710027692028e-01 5.838961975823469056e-03
1.344601237876742739e-01 5.805735387738826525e-03
1.357258976751821722e-01 5.970184864853174227e-03
1.320697375621467107e-01 6.169650776296951682e-03
1.296879446632115962e-01 6.431723941585339513e-03
1.125778782856041715e-01 5.852025734698656362e-03
1.388647087976890571e-01 7.672935290159882751e-03
