2.941208262933450168e-01 6.270206035376461699e-03
6.840336279255192498e-01 1.380735124603561792e-02
6.281506845743056733e-01 1.026431574898028186e-02
6.607565734534219803e-01 1.058049507883240814e-02
6.777503235340586185e-01 9.496121369102359516e-03
6.931485638459597975e-01 9.030410093721854062e-03
7.199376388913608649e-01 8.599610939528849404e-03
7.387388754438160010e-01 8.584612821338887673e-03
7.529592333865646747e-01 9.162400270213526265e-03
7.708237240092448150e-01 9.055557679798778570e-03
7.833847228345008906e-01 9.132761077542015868e-03
7.930673581662266436e-01 1.046174311143485691e-02
8.005799859345140712e-01 1.213786792499135271e-02
8.070857919344386344e-01 1.283008703417791094e-02
8.059484687379875334e-01 1.360649221858002168e-02
8.123263179618549490e-01 1.505271561547321356e-02
8.233540708603743763e-01 1.588359552499901683e-02
8.334091652352690893e-01 1.639399639267664910e-02
8.443784634145954371e-01 1.628943902189364940e-02
8.550519931266847840e-01 1.888725052518564623e-02
8.520670638513421213e-01 2.014461972141716808e-02
8.603435581666072363e-01 2.020126402913388630e-02
8.641973036576331424e-01 1.936003015732968777e-02
8.495798065691864132e-01 2.057231253786599018e-02
8.386817156688614050e-01 2.153783904452812731e-02
2.858280386620840607e-01 8.302741624815455218e-03
