6.499637717674448811e-02 1.111173216769155382e-03
1.472303955435953493e-01 2.040444541687215247e-03
1.477958814819189948e-01 1.949114864939132741e-03
1.619976136675393696e-01 2.177678478023139467e-03
1.724111335399854672e-01 2.093650915627253556e-03
1.850320183859265055e-01 2.403186435067226033e-03
1.981145076604143018e-01 2.117519224912669650e-03
2.089053938762517049e-01 2.108473588758380621e-03
2.219673640212713461e-01 2.127796443208248255e-03
2.330727810215948992e-01 2.155271264061568021e-03
2.418021527399486503e-01 2.469256326225229090e-03
2.496996031138607186e-01 2.883752898128923940e-03
2.579605811307116303e-01 3.263230700131152049e-03
2.619623608099691525e-01 3.705630713367442063e-03
2.645174087138901786e-01 3.473503202179626954e-03
2.699314801735320790e-01 4.278691960595574703e-03
2.788400715947138009e-01 5.584010243687583495e-03
2.914961070083222916e-01 5.825624084049131103e-03
2.985291409506193872e-01 6.461256528875622407e-03
3.065100972193642304e-01 7.144151411769453230e-03
3.070785694570781210e-01 1.023036009874188530e-02
3.141749497197922070e-01 1.410973157014441468e-02
3.212162694674075558e-01 1.599681776953810683e-02
3.143226179865892811e-01 1.727314241690421776e-02
2.629805487860057411e-01 1.592353722853641351e-02
3.393712906308052335e-01 2.528134488106851749e-02
