3.065778871069951492e+02 1.150687053584747943e+01
1.248291617907578832e+01 4.553525244217682677e-01
2.176688096685928553e+00 8.009863023198295073e-02
8.037707682639251283e-01 3.145218450139886796e-02
2.488275644320585567e-01 1.285422840060799175e-02
2.035628499988359763e-01 1.169395388260409223e-02
2.119753641552973855e-01 1.099723575864511131e-02
2.194228322125399422e-01 9.533629936794159668e-03
2.314861284284202569e-01 1.024883365349168844e-02
2.421122044466029744e-01 9.668101032259391464e-03
2.475291401583949724e-01 1.099456698421519968e-02
2.529576507137963892e-01 8.648063742238684681e-03
2.591488487011548991e-01 4.378509175726196662e-03
2.611971680455926759e-01 3.407750077015138813e-03
2.630917771768803703e-01 3.556642005790582040e-03
2.672898933631028817e-01 4.363581216466036125e-03
2.792022160746869819e-01 3.819811215782961157e-03
2.912102330630231273e-01 5.348576509464380256e-03
2.988659750764430800e-01 7.779874579067330535e-03
3.064265376864023782e-01 6.708547136477181587e-03
3.063411712036639978e-01 7.030909726641953322e-03
3.104835899706551161e-01 7.837822073624645808e-03
3.109263816926867707e-01 8.629719193758520618e-03
3.161331049427885120e-01 1.058847521883607076e-02
2.758353209261378280e-01 1.001805005436055482e-02
3.403991653396439832e-01 1.577040482032800867e-02
