2.541082669262248461e-01 5.467193193860428978e-03
5.884309623155918878e-01 1.151859346527782553e-02
5.532517633733499141e-01 9.688641938562723641e-03
5.920348051775192744e-01 1.073111327519544848e-02
6.170067325599225549e-01 1.062331156099462215e-02
6.389577378013338027e-01 1.199838173495058717e-02
6.727838100130028032e-01 1.067476294444331952e-02
6.967304011188550916e-01 1.004767237035636418e-02
7.160463822912960241e-01 1.226525919992937572e-02
7.375436593303666966e-01 1.375799037606779268e-02
7.533268746361083679e-01 1.397668469481944120e-02
7.666282433787222628e-01 1.327786928788186709e-02
7.800440405683339851e-01 1.455355021394101264e-02
7.897008981403529360e-01 1.498013385341669459e-02
7.916047061808809682e-01 1.463797445787797316e-02
8.013521714949443098e-01 1.449822260450137935e-02
8.127150848591430110e-01 1.634159699939867830e-02
8.246123719758747805e-01 2.408509735602384211e-02
8.419637332859428724e-01 3.109945487466611591e-02
8.549929209088176219e-01 2.695079133867727891e-02
8.508465241823404135e-01 2.814158476188813665e-02
8.640185576164708392e-01 3.191902331071567317e-02
8.690466185312832881e-01 3.392168271965152748e-02
8.521028621732936736e-01 3.103305551377440186e-02
8.375112657138457095e-01 2.923839247158493623e-02
2.879808731744955552e-01 9.521397004149495871e-03
