2.956546919245008667e+02 1.106207919024424058e+01
1.013779882187939592e+02 3.681965301368118393e+00
3.230310426361091114e+00 1.178235581029751788e-01
3.827957213402400916e-01 1.304582307813513010e-02
2.493909301630039821e-01 8.686543646517894471e-03
2.427059451755059216e-01 7.965400252232303704e-03
2.466082643393658624e-01 6.735675884249701234e-03
2.477133661927622410e-01 5.562482743742895933e-03
2.517843769924768549e-01 5.805000901885782466e-03
2.561292863478462078e-01 5.184243953275113198e-03
2.578779978022393005e-01 5.115116001959624584e-03
2.583359485142337486e-01 4.762132970170755014e-03
2.588962267688829644e-01 3.732984818685869486e-03
2.588455517900229985e-01 3.097410749194407561e-03
2.594893826391437286e-01 3.099995707814527397e-03
2.606834677129826749e-01 2.588244688509783002e-03
2.646271529887678220e-01 2.779237189611804496e-03
2.662141549264470664e-01 3.292659300304377583e-03
2.685152997094198968e-01 3.571641435643868601e-03
2.688191388967495765e-01 3.468825518727007128e-03
2.678626829158401446e-01 3.548367627578630744e-03
2.676735801276738935e-01 3.518018854864442182e-03
2.654267676219208005e-01 3.503993197446710842e-03
2.593319096236329502e-01 3.338172838576183247e-03
2.262168570270217949e-01 3.064564856292385179e-03
2.729333574304711463e-01 4.468649474249070455e-03
