4.170055125836796134e-02 8.103561093890969879e-04
9.757883787956629640e-02 1.770596119075024946e-03
9.305865173201936791e-02 1.588420154831948804e-03
9.857333116193900402e-02 1.724712663333161609e-03
1.023563789736120916e-01 1.713819843316699999e-03
1.075639131684050787e-01 1.941254296831566167e-03
1.124187553290038333e-01 1.722365967777605891e-03
1.155783480375323913e-01 1.640686801415752478e-03
1.197255969386739338e-01 2.012179194407662502e-03
1.237271783965968319e-01 2.287047900532097628e-03
1.260449192031020405e-01 2.327836105101034874e-03
1.277836944586436818e-01 2.182132845232009205e-03
1.299761673505282489e-01 2.447636637912361818e-03
1.313049960596669730e-01 2.473784748773201567e-03
1.323038718862105112e-01 2.420051088628420895e-03
1.336740284884125329e-01 2.378026022254073682e-03
1.356831265453923574e-01 2.732703678588612340e-03
1.376337616302348854e-01 4.001865829952754375e-03
1.404887137193228941e-01 5.183451626293660540e-03
1.421643400054302953e-01 4.477800017839825633e-03
1.416959433806982138e-01 4.678543641461996652e-03
1.435654003278822310e-01 5.303380688369956422e-03
1.429035245341251370e-01 5.571075212184545961e-03
1.392706131510720591e-01 5.077877086576386423e-03
1.202171358021721231e-01 4.197368107760091581e-03
1.482199145696286302e-01 4.900536049431798540e-03
