5.822264556917343403e-02 2.324324994501364514e-03
1.359713897738608068e-01 5.212819171779439244e-03
1.233016953533679072e-01 3.957556882855223050e-03
1.256590133311127344e-01 4.361180888881721791e-03
1.263238137055391619e-01 4.630407306307360998e-03
1.296299168053673123e-01 4.486398334767111550e-03
1.319350868344884853e-01 3.801061121226407494e-03
1.327186134367178971e-01 3.158222331349921485e-03
1.351098966062509454e-01 3.300114475829538790e-03
1.380065018165138879e-01 2.964770676217967724e-03
1.386966547032240094e-01 2.922670404292059508e-03
1.389442687605731974e-01 2.721232972749373317e-03
1.392100076513481666e-01 2.125591431198449802e-03
1.392931270652612574e-01 1.773368402622313086e-03
1.396253096722315512e-01 1.781845393475140057e-03
1.402310306076769431e-01 1.456733645242736831e-03
1.417678100201233415e-01 1.580934435467394985e-03
1.427449955743473331e-01 1.881471592702170991e-03
1.440749212179349148e-01 2.034904870223421241e-03
1.441961581420211358e-01 1.980602140161099884e-03
1.436431841964508627e-01 2.024862953282095292e-03
1.436271087751216091e-01 1.996840401949137762e-03
1.421017312563726265e-01 1.994915128082426492e-03
1.388578761794064254e-01 1.871537465278477145e-03
1.205319709587595045e-01 1.709667692174002360e-03
1.459707094603207855e-01 2.489479416475371288e-03
