4.907535251676578558e-02 9.429358331855807471e-04
1.153326381383356497e-01 2.167922700862378194e-03
1.074267495168649139e-01 1.704051162782479166e-03
1.118583309587354857e-01 1.711128029160241841e-03
1.143166246413025444e-01 1.535224342365327458e-03
1.186411741059381630e-01 1.418463899469907859e-03
1.223130423149367124e-01 1.370943107078236587e-03
1.245997940252529940e-01 1.412881300229941982e-03
1.280064837840712844e-01 1.497895244242894745e-03
1.314761858004768469e-01 1.509462553522398750e-03
1.332697643214632854e-01 1.537756077967974023e-03
1.344049763715372270e-01 1.730299346334368549e-03
1.356325668111822702e-01 2.081608608488300094e-03
1.364435371878636727e-01 2.146695128817521000e-03
1.369575913813416701e-01 2.283133764486471214e-03
1.377744832346186332e-01 2.513702968158014733e-03
1.397619036359661060e-01 2.703250152621627066e-03
1.414321208830699728e-01 2.757483737677497021e-03
1.432517207382478786e-01 2.754717293549033014e-03
1.445557350914195849e-01 3.185747178695917930e-03
1.442761732783980344e-01 3.398079821724506611e-03
1.453494108199929746e-01 3.413322154856501204e-03
1.444865501500963156e-01 3.224478728118664126e-03
1.411842637296629455e-01 3.427166659006521381e-03
1.224017261727895906e-01 3.146861619230900860e-03
1.495761643502952210e-01 4.344893005054839205e-03
