4.019654715050674509e-02 2.036296099888911752e-03
8.753003598009112540e-02 4.244987032126045293e-03
8.572649567426561534e-02 4.101402130526497249e-03
9.187643509295956301e-02 4.849182026761785988e-03
9.622570484154689685e-02 5.727793801375571058e-03
1.018726007850387638e-01 6.181067849639150860e-03
1.076828890548552353e-01 5.865902535162609635e-03
1.116792310410883587e-01 5.100901816900125368e-03
1.178307146373116510e-01 5.483171141088830948e-03
1.239622894140878645e-01 5.206924416716756515e-03
1.265014497712474706e-01 5.906634845918522746e-03
1.296171067566904145e-01 4.669394573548413079e-03
1.330224431847066568e-01 2.384088142799209442e-03
1.340336897740194710e-01 1.855207769809127244e-03
1.349229417563184708e-01 1.952993379053457115e-03
1.372885511704845241e-01 2.284766268025139983e-03
1.424100570476732053e-01 2.088589267469121141e-03
1.489268478191209388e-01 2.932104041352580695e-03
1.528916196335891042e-01 4.232650603082014143e-03
1.564479185648826598e-01 3.664624230030334197e-03
1.565373230968068741e-01 3.846239718705392937e-03
1.585603614423107544e-01 4.268095697642248186e-03
1.574228601657190474e-01 4.639975686430597435e-03
1.603838211937613500e-01 5.746612567209965529e-03
1.363407635232764814e-01 5.140233651967089819e-03
1.730270539197594493e-01 8.626261256678525308e-03
