3.218395023534776495e-02 5.502144129372372886e-04
7.290338214421350493e-02 1.010357322056146647e-03
7.318339115530510253e-02 9.651340357877984848e-04
8.021559605304640073e-02 1.078310804534577273e-03
8.537200968573614712e-02 1.036703271868631270e-03
9.162143384522844491e-02 1.189974518458782743e-03
9.809942849744786308e-02 1.048522030261282495e-03
1.034427008466345804e-01 1.044042945172292880e-03
1.099105351380714329e-01 1.053610952083458693e-03
1.154095522157352754e-01 1.067215529838074937e-03
1.197320341320022852e-01 1.222690035560891706e-03
1.236425774708863889e-01 1.427934352587415922e-03
1.277331270820846743e-01 1.615838590109575004e-03
1.297146694948229373e-01 1.834899722876304901e-03
1.309798405422046841e-01 1.719958235476749158e-03
1.336607008300620403e-01 2.118659764031805871e-03
1.380719261232302708e-01 2.765008075878590526e-03
1.443387556239076330e-01 2.884646864256055002e-03
1.478212699460041690e-01 3.199389990886653077e-03
1.517731625058817146e-01 3.537535836573246512e-03
1.520546502287898893e-01 5.065719269433623627e-03
1.555685314502806837e-01 6.986649385900868710e-03
1.590551486156064065e-01 7.921068979256236722e-03
1.556416516510729930e-01 8.553060648934858456e-03
1.302188408436641409e-01 7.884782998602421142e-03
1.680448850136149752e-01 1.251844457918571511e-02
