2.515511726570460738e-01 5.131656887795841247e-03
1.364820351631166051e-01 3.924363963781625844e-03
1.645669185274211965e-01 4.035007829283919489e-03
1.784271357751721077e-01 4.138017087380542816e-03
1.936430675946933522e-01 4.276920630406972311e-03
2.029521259688580326e-01 4.537681381471743089e-03
2.106186847487681035e-01 4.730125528434378675e-03
2.182828504782643730e-01 4.987179328238728303e-03
2.237232208259630206e-01 5.122050779687114738e-03
2.300465518048789570e-01 5.238256762152555639e-03
2.365106194926800132e-01 5.614728724675446640e-03
2.405024478027124601e-01 5.844228760236301785e-03
2.419233884004150792e-01 5.620074077510120794e-03
2.440682216993586562e-01 5.704393979993406180e-03
2.462548182486876402e-01 5.498821459345971073e-03
2.494270728300729267e-01 5.678470343977426102e-03
2.548621991848499246e-01 5.770922130632519069e-03
2.555100334780618376e-01 5.773599143018103355e-03
2.569567720087954088e-01 6.137740876420665244e-03
2.580471919246132284e-01 6.669121589108395823e-03
2.559699162555140184e-01 6.605154334722641331e-03
2.579131725280160992e-01 6.435225814377601959e-03
2.563494911258084041e-01 6.465251875545346277e-03
2.573011038674960504e-01 6.184730354025301524e-03
2.575426844920029601e-01 6.129780572536818774e-03
2.562567972453442811e-01 6.206692836038277435e-03
2.560663033513797537e-01 5.883336420163393955e-03
2.560704718438023830e-01 5.799039261497739885e-03
2.532856921784468751e-01 5.492337268785642095e-03
9.596687757765848259e-02 1.855453479359274243e-03
