1.579520904972621376e-01 3.298663214667619473e-03
4.536270026551553897e-02 1.276235257163337846e-03
6.805464823733721469e-02 1.684464038876009933e-03
7.356178002416156880e-02 1.659143069078474787e-03
8.032466193288081979e-02 1.778258872026229230e-03
8.433907178570448915e-02 1.852159041921511325e-03
8.749412282154910014e-02 1.926729020747751245e-03
9.026708405096538212e-02 1.970532236776620545e-03
9.223079170279135930e-02 2.053284894561760877e-03
9.429583055189594276e-02 2.063807598716562407e-03
9.667707767884081704e-02 2.251483474359842942e-03
9.827211553716835857e-02 2.263003391752847586e-03
9.875191385058297577e-02 2.171600557140284087e-03
9.909747607264678126e-02 2.114473786766349513e-03
1.006973788584817897e-01 2.058784305969730589e-03
1.017072872565914221e-01 2.091094537159002981e-03
1.035592667107623072e-01 2.112258877118843373e-03
1.032744779018845427e-01 2.109002183385429684e-03
1.044070840235492292e-01 2.108499636609460250e-03
1.044290591694345960e-01 2.294313418826257178e-03
1.041582370762713650e-01 2.302210411927495867e-03
1.043962192502384118e-01 2.203560744358043760e-03
1.039505266667970357e-01 2.156280265526425502e-03
1.035991144382450713e-01 2.166170752180036820e-03
1.044203288002799046e-01 2.172616618959480068e-03
1.043935343484233558e-01 2.173025095417410821e-03
1.037691034575644045e-01 2.035264922843437255e-03
1.036757884985773509e-01 2.018193791064912951e-03
1.033750937385267965e-01 1.881904817269868099e-03
8.688408069190742267e-02 1.537514439840954048e-03
5.578695600223337187e-02 2.895948283858484212e-03
