1.786543990437110263e-01 5.157572146394237902e-03
9.754748067112184451e-02 3.766515682927208501e-03
1.180866278676668130e-01 3.701597473234403968e-03
1.273001372106400686e-01 3.883553519689446083e-03
1.366863705718741051e-01 4.238404003508692772e-03
1.435557485917358100e-01 4.582295266788548836e-03
1.497486346630108045e-01 5.019628444656370689e-03
1.575017341459301889e-01 5.400527333992109595e-03
1.588065957798392158e-01 5.564216616093119530e-03
1.637075296534852287e-01 5.800222192957611538e-03
1.678586337804274797e-01 6.419261189570083480e-03
1.739267093533162223e-01 6.571070791217889853e-03
1.741230542842835405e-01 6.286293896701938486e-03
1.752449481177986157e-01 5.887252216143345346e-03
1.825028183888579847e-01 5.657654580588789527e-03
1.836311792617759953e-01 5.936294345653404282e-03
1.873838267662007728e-01 6.035043357107547878e-03
1.915010464356703135e-01 5.944966848373560951e-03
1.908839403175493499e-01 6.255691797063095937e-03
1.921152771791761749e-01 6.906683278741226548e-03
1.889378970756284137e-01 7.189333066993709200e-03
1.895369621590449472e-01 7.215781695644276662e-03
1.902882326766837107e-01 7.259643016378720948e-03
1.937139597962194426e-01 7.471279432811511398e-03
1.945491896380469599e-01 7.328958466830469247e-03
1.944475247818701347e-01 7.482759176213780831e-03
1.966891119290678225e-01 7.556871366293425873e-03
1.965524045262291020e-01 7.627136790205811881e-03
1.679643370160798510e-01 6.528603694142925441e-03
1.957797509325968910e-01 7.970114249154339886e-03
