7.922887342570122948e-02 1.748072726998688500e-03
4.335975983807435763e-02 1.560923994206988089e-03
5.266654449639409513e-02 1.597256654462135984e-03
5.832520273871431155e-02 1.690821769051871785e-03
6.315487533294313061e-02 1.807893820714600750e-03
6.753575154167612560e-02 1.923734389957884204e-03
7.014754314593868445e-02 2.051695713017037421e-03
7.390339669670711875e-02 2.184723267400584708e-03
7.605474813846316295e-02 2.179755260196789262e-03
8.000059974784599903e-02 2.291800563027106361e-03
8.221082587976114020e-02 2.471244555066079950e-03
8.463224930539774149e-02 2.562092300267449548e-03
8.492690990001744433e-02 2.530019291321921986e-03
8.652469637719721607e-02 2.633583330898064696e-03
8.763761685763704623e-02 2.518284706492196316e-03
8.872316397992791037e-02 2.597062307475079927e-03
9.091984692960757009e-02 2.745131221798629857e-03
9.183615216698264028e-02 2.755887838976124951e-03
9.189435410831534035e-02 2.913568733182794919e-03
9.266650449609299678e-02 3.188442437049376823e-03
9.206346502243739627e-02 3.139519972035597749e-03
9.330939342785295187e-02 3.191973358958977852e-03
9.290253404725522246e-02 3.319252239390095387e-03
9.315660478732207261e-02 3.366803062866823969e-03
9.241115275272399066e-02 3.440808888555000038e-03
9.151070373526505597e-02 3.536666317398841092e-03
9.192488555278668927e-02 3.538728516493437094e-03
9.223627370946851922e-02 3.409973591274173023e-03
7.901987098875977444e-02 2.940081891568860611e-03
9.234683811621413607e-02 3.249909595731567853e-03
