1.134914585251505514e-01 2.239697818553624317e-03
6.506948427845458960e-02 1.980616975926063634e-03
7.519223737375325956e-02 1.822822349306210460e-03
8.081240118036231435e-02 1.843953688977838278e-03
8.575409524573859854e-02 1.899287244898157897e-03
8.939367315250537627e-02 1.953399081324636456e-03
9.089316258479371302e-02 1.870679219822926663e-03
9.389846167007991073e-02 1.978328446193546204e-03
9.437871561437985446e-02 1.964010995655775249e-03
9.702163440198688371e-02 2.089364973245310970e-03
9.791157980559478391e-02 2.296245244705066250e-03
9.918934246583573089e-02 2.275790393004191014e-03
9.871815317115320565e-02 2.126873793328210895e-03
9.987675929823737475e-02 2.144252240299234207e-03
1.012715800632536522e-01 1.978275468417300866e-03
1.020921038500932770e-01 1.966857152748538017e-03
1.027263908922615987e-01 1.981617466646213611e-03
1.035295570106301161e-01 1.872642393841707827e-03
1.040522163657615906e-01 1.880380017077751178e-03
1.037802110960649865e-01 1.982365262674537758e-03
1.027666716968620719e-01 2.009807880859854415e-03
1.032888485020151403e-01 2.038715296722844617e-03
1.026717753860616755e-01 1.996744355540500202e-03
1.028101228506200226e-01 1.966502274579616169e-03
1.027387128664217636e-01 1.948439617841512921e-03
1.018468982966397041e-01 1.923922001602478135e-03
1.008539844442040284e-01 1.808532932014552839e-03
1.005759221528990388e-01 1.720923612370128201e-03
8.638542119898649785e-02 1.413430355494554392e-03
9.976120215134898217e-02 1.589781186602591415e-03
