1.031095965632011779e-01 3.474443264530820662e-03
2.482941704337109368e-01 7.438882054895494360e-03
2.424544641259991362e-01 6.481899067371401160e-03
2.608764724528201406e-01 7.493741772852877125e-03
2.741837127790386908e-01 7.372348475354292309e-03
2.904388231131642684e-01 9.309057475247958097e-03
3.075308365329246785e-01 8.963289538662882680e-03
3.229473535752755975e-01 8.371449312051032141e-03
3.379259561609137541e-01 1.037328397032841361e-02
3.497954027839473290e-01 1.039912911785449180e-02
3.586619762368310482e-01 1.331198192651118078e-02
3.688211996399239356e-01 1.469257393372765293e-02
3.812702784854624105e-01 1.477717067887150681e-02
3.861217285681105560e-01 1.359005425049423371e-02
3.873298540674920964e-01 1.310531020650754913e-02
3.923438220361638584e-01 1.476550438431530748e-02
4.012503556814025485e-01 1.429372241139895659e-02
4.112351935419732429e-01 1.458500649946139691e-02
4.170986123267371171e-01 1.300341965478636792e-02
4.246224045232711020e-01 1.378556674364695735e-02
4.280420744654614418e-01 1.743553839587219656e-02
4.383544982415498170e-01 2.374337416079377872e-02
4.384704219461140751e-01 2.582475821198110255e-02
4.476502480845887533e-01 2.719501901519257372e-02
3.803999493463585679e-01 2.142537909706298746e-02
4.862230027644425800e-01 3.263810593523217007e-02
