9.151962547721746721e-02 2.766960746940412032e-03
2.194813810224218731e-01 6.161469725828875449e-03
2.202259304778303173e-01 6.469207291481748716e-03
2.412306616596838205e-01 7.516022242417586680e-03
2.583172600401072994e-01 7.769749462048714667e-03
2.764338230132605823e-01 8.312608344985202707e-03
2.962842800111192831e-01 8.367544267988922049e-03
3.145961778295977007e-01 8.942912316484915441e-03
3.310223047321044776e-01 1.110856145525181832e-02
3.450373207386436269e-01 1.169659266361484581e-02
3.560851565917033668e-01 1.473048143873839991e-02
3.662974783988126037e-01 1.331294193277822793e-02
3.818090715662729173e-01 1.146022346936787124e-02
3.852301327408937937e-01 8.731845154574636308e-03
3.867885120402275168e-01 8.220495364358440527e-03
3.967466834079564353e-01 1.176372527487517389e-02
4.060205829661390764e-01 8.927983065979860910e-03
4.139043412581819292e-01 1.315498807537541885e-02
4.230324676906561110e-01 1.639776531989094524e-02
4.345118409937829829e-01 2.182833253781476732e-02
4.361578741174283458e-01 2.554890081965265416e-02
4.464661971110824301e-01 2.929912998392213835e-02
4.621294728203121926e-01 2.757909432226136534e-02
4.502913049323563066e-01 2.911000332736371141e-02
3.774163035808017486e-01 2.446758608876090785e-02
4.928919160238164343e-01 3.982905826502888824e-02
