1.725342231368483803e-01 6.263476820044461615e-03
4.130213693753911897e-01 1.386116423070535807e-02
3.642923013011380440e-01 1.077317127418462792e-02
3.641005646366138881e-01 1.177297394654859899e-02
3.607928690586387765e-01 1.151359558766692180e-02
3.658796044364072131e-01 1.089492605350125300e-02
3.679273524751755509e-01 1.069255267623063325e-02
3.666013740298582624e-01 9.212425813160915120e-03
3.690150480017220791e-01 1.024943639018836491e-02
3.733523257230302872e-01 1.107400977413102935e-02
3.731012140810690547e-01 9.607331262921193701e-03
3.715505936292333167e-01 1.027262326815473609e-02
3.703556456580269218e-01 9.205413449207600768e-03
3.695521680578968127e-01 7.437854612271804257e-03
3.686237873841125001e-01 7.001343398515250463e-03
3.677304461379110045e-01 5.545624196893112791e-03
3.691224364085413656e-01 7.058788024879141150e-03
3.684746830985001220e-01 8.808715101214838541e-03
3.707173183958653584e-01 9.833365947307293534e-03
3.685904424761349829e-01 1.053668785362893955e-02
3.671505501891229595e-01 1.086513617580749796e-02
3.663528687914047732e-01 1.159679327759919991e-02
3.623186652265952823e-01 1.046659987889395071e-02
3.532198108702032102e-01 9.725984272357332885e-03
3.064546154928817212e-01 7.730274965738038670e-03
3.698836412401760865e-01 9.581666100443338510e-03
