1.331884896221167680e-01 3.965766253079633548e-03
3.199681747444078628e-01 8.460696342605466755e-03
2.972956747057068361e-01 7.393962149170127222e-03
3.095734736041586554e-01 7.645538897822080036e-03
3.169681660725008343e-01 6.995085108287591412e-03
3.292827073327276310e-01 7.605106914931691539e-03
3.397753883736495117e-01 7.326929843576626342e-03
3.467196790795462613e-01 6.340960926722841347e-03
3.558330143897860398e-01 6.994260011922365412e-03
3.645154998308602901e-01 8.033580596004282620e-03
3.694326150757443750e-01 9.420557893030676727e-03
3.727288633002855400e-01 1.002351105436550746e-02
3.768738988475640039e-01 1.052084609204767367e-02
3.794783279875155180e-01 1.146615038939836906e-02
3.802751297615242776e-01 1.138984286188258685e-02
3.818338217712189397e-01 1.043772814353493422e-02
3.864758031281474437e-01 9.960703407466997214e-03
3.889176773269685250e-01 1.047803865557795852e-02
3.937054537937403342e-01 1.255357003073953766e-02
3.974879988383330232e-01 1.296284503639548273e-02
3.971685697554505068e-01 1.316344217208215150e-02
3.995118170141988556e-01 1.370700098498458565e-02
3.969611066279677414e-01 1.367939009442930946e-02
3.881610889035139178e-01 1.321610908229200326e-02
3.363509472574567338e-01 1.075483133173262863e-02
4.118066146985671638e-01 1.467623817666441691e-02
