1.516007209058484739e-01 4.112899029612120637e-03
3.637169394427300362e-01 8.590904243828837231e-03
3.292257068664693476e-01 7.142109770104184199e-03
3.358112770721414231e-01 7.212228377198611103e-03
3.380380258492346468e-01 7.052717040630340252e-03
3.468224788325486307e-01 6.999909542873985688e-03
3.531713311880919637e-01 5.887220192875711362e-03
3.561408365309416957e-01 4.887275532267124425e-03
3.621575609799501660e-01 5.354892371684178212e-03
3.687529717696690357e-01 5.681290221335380010e-03
3.711322566545233737e-01 5.900944831133820602e-03
3.718337032093633754e-01 5.424907260041814117e-03
3.731368175764588346e-01 5.185583453045303215e-03
3.741181945132122655e-01 4.493746492881259096e-03
3.738819551430679899e-01 4.304572908325925325e-03
3.741452255151707651e-01 4.047302933304594216e-03
3.773239822759191231e-01 3.961015896539256918e-03
3.784257595052969991e-01 4.047141786368336526e-03
3.811678221711932713e-01 4.201117759518363873e-03
3.815729350706690837e-01 4.246229017263759668e-03
3.806897304149156058e-01 4.472379123177753005e-03
3.809947363782495433e-01 4.693445480159413180e-03
3.769483940319755533e-01 4.734922327913527844e-03
3.686355272212566980e-01 4.951979754851903656e-03
3.201675041045279335e-01 4.527032534379882636e-03
3.880738200451595010e-01 6.340452999336094672e-03
