7.314336389005447747e-02 1.596078865080187512e-03
1.964915884174498195e-01 3.341238938730869360e-03
1.706888769165390840e-01 2.264394600471634957e-03
1.715304181082726309e-01 2.270345031550019543e-03
1.704613797877077563e-01 2.232911776283795675e-03
1.685676620957524408e-01 2.840324950052181864e-03
1.682809934851319800e-01 2.808055549439972091e-03
1.663104903769106746e-01 3.314013392166869493e-03
1.663528231355743403e-01 3.183017426449391649e-03
1.659176952580304898e-01 2.755037216563823409e-03
1.665370528124630600e-01 2.848828980142570268e-03
1.676773969070526615e-01 2.258516463773188598e-03
1.680454785546231233e-01 2.449829994082808847e-03
1.678082118111192400e-01 2.188530858018891342e-03
1.661014320100994979e-01 1.564872185515756974e-03
1.652625074516963499e-01 1.683218609321193758e-03
1.633459502671577579e-01 1.662611777652904564e-03
1.614938713424886874e-01 1.646799988980709615e-03
1.449357167154821380e-01 1.574526362690939485e-03
2.098270930364410647e-01 2.502676051372154480e-03
