4.008245528511913264e-02 9.184631038660435922e-04
1.137984358390059375e-01 1.682820065240022605e-03
1.102435877696103378e-01 1.452691689282516792e-03
1.233483774981877085e-01 1.485514983107637027e-03
1.327251404250399114e-01 1.723107637652555738e-03
1.403881665069388884e-01 2.430637230569412336e-03
1.459728012727363189e-01 2.018081336241215554e-03
1.489052030989847508e-01 1.833842409731844831e-03
1.525138337625547291e-01 1.840276841563107894e-03
1.533839489900602482e-01 2.316683246637511566e-03
1.589927614492038510e-01 1.835918383478539690e-03
1.643965985052977807e-01 2.000824407366579277e-03
1.704140583014123744e-01 2.295160958876613609e-03
1.763529076352744751e-01 2.530280066495681993e-03
1.805002089930708431e-01 2.984064737459247996e-03
1.835423759291311407e-01 3.705973162224525906e-03
1.800350664535455281e-01 4.744859994583637379e-03
1.849414849646843773e-01 5.989287430619063234e-03
1.636304386181275661e-01 6.227013512178346602e-03
2.439329736863175557e-01 1.082034585095578705e-02
