6.294755478634005141e-02 1.131582341305444311e-03
1.722528448321921368e-01 2.788098830377531197e-03
1.538985527944523868e-01 2.082925180167971482e-03
1.587258207058353243e-01 2.004941231794121759e-03
1.608503910045010754e-01 2.326035978137415416e-03
1.613783125482102510e-01 2.388689750992382260e-03
1.625775262868895676e-01 2.346944246002828031e-03
1.620428578465892278e-01 2.306780929813334428e-03
1.629974242038092214e-01 2.108752899490839213e-03
1.630681558223593952e-01 1.776140478100987890e-03
1.646956974380307803e-01 1.625281426967642570e-03
1.668346641719537782e-01 1.689553450496184299e-03
1.677751437766644704e-01 1.960468128636414387e-03
1.683970736101358667e-01 2.043962308010738738e-03
1.673650746250562593e-01 1.702894936410162020e-03
1.677156505614175730e-01 1.734645061508296874e-03
1.655014801251988577e-01 1.844347904988913756e-03
1.645330853157773998e-01 1.962580032897095431e-03
1.479568520383079955e-01 1.894245288420195409e-03
2.134984131064543711e-01 2.973760289987026351e-03
