5.439444687842259762e-02 1.164878842437737459e-03
1.509419939657421772e-01 2.453292141085671504e-03
1.388583559694075431e-01 1.781914007793856166e-03
1.470539014356807839e-01 1.751383638718151522e-03
1.518865598684714102e-01 1.737808577853324410e-03
1.546108351134894698e-01 1.874626274175125425e-03
1.569403319467846392e-01 1.815836892833864709e-03
1.579406455358856876e-01 2.228484789645683237e-03
1.599618674935697760e-01 2.290895583223758174e-03
1.606037675446705948e-01 2.414917889529959606e-03
1.629101216905053939e-01 2.393557359925848390e-03
1.662977172630465128e-01 2.542479372961070714e-03
1.677775850441477201e-01 3.605721843689390152e-03
1.701919717105349061e-01 4.186061071574233988e-03
1.706620819807604661e-01 3.423568931331273917e-03
1.725369290946083822e-01 2.385604142691083712e-03
1.706348960375940471e-01 2.151737694292247746e-03
1.703761709813224334e-01 2.340489006996997450e-03
1.535935213184484727e-01 2.292569956874680997e-03
2.209052981898937118e-01 3.943237925374855346e-03
