3.544667650452888730e-02 1.197496549326069158e-03
1.011224869375834251e-01 2.909410842504689138e-03
1.002196604862871515e-01 3.124518061144340199e-03
1.146618902488911601e-01 3.832203721016675790e-03
1.251512713363169549e-01 3.013963351929862134e-03
1.334512749520605779e-01 3.173839929551741917e-03
1.403066003129208872e-01 4.452047466617391203e-03
1.451606559356719006e-01 3.807080159043394352e-03
1.502834477061389951e-01 5.330933703565270652e-03
1.514673444149292336e-01 6.891855286956080108e-03
1.532511707209869567e-01 8.162080945961259354e-03
1.603531610737885249e-01 7.676492725663109501e-03
1.667294191894617972e-01 6.381513718285643753e-03
1.764496649579123111e-01 7.224446695626050505e-03
1.847974463920772081e-01 7.173971516824371834e-03
1.914683667110012311e-01 5.564454729586383423e-03
1.905592538397645475e-01 7.751560639148922377e-03
1.975639182209547873e-01 1.034045746620248021e-02
1.743541149130117540e-01 7.115510066886519998e-03
2.577311270780596186e-01 1.230417880045057109e-02
